
DETpinpower501 = [
    1    1    1    1    1    1    1    1    1    1  5.74769E-14 0.00105 
    2    1    1    1    1    2    1    1    1    1  5.67155E-14 0.00099 
    3    1    1    1    1    3    1    1    1    1  5.66328E-14 0.00096 
    4    1    1    1    1    4    1    1    1    1  5.70565E-14 0.00101 
    5    1    1    1    1    5    1    1    1    1  5.76252E-14 0.00095 
    6    1    1    1    1    6    1    1    1    1  5.80702E-14 0.00104 
    7    1    1    1    1    7    1    1    1    1  5.79762E-14 0.00106 
    8    1    1    1    1    8    1    1    1    1  5.79193E-14 0.00101 
    9    1    1    1    1    9    1    1    1    1  5.81274E-14 0.00105 
   10    1    1    1    1   10    1    1    1    1  5.80242E-14 0.00100 
   11    1    1    1    1   11    1    1    1    1  5.80069E-14 0.00101 
   12    1    1    1    1   12    1    1    1    1  5.81034E-14 0.00101 
   13    1    1    1    1   13    1    1    1    1  5.76364E-14 0.00102 
   14    1    1    1    1   14    1    1    1    1  5.71238E-14 0.00102 
   15    1    1    1    1   15    1    1    1    1  5.66291E-14 0.00097 
   16    1    1    1    1   16    1    1    1    1  5.66926E-14 0.00103 
   17    1    1    1    1   17    1    1    1    1  5.74716E-14 0.00099 
   18    1    1    1    1   18    1    1    1    1  5.66109E-14 0.00098 
   19    1    1    1    1   19    1    1    1    1  5.60873E-14 0.00090 
   20    1    1    1    1   20    1    1    1    1  5.62907E-14 0.00094 
   21    1    1    1    1   21    1    1    1    1  5.72858E-14 0.00092 
   22    1    1    1    1   22    1    1    1    1  5.81572E-14 0.00098 
   23    1    1    1    1   23    1    1    1    1  5.97081E-14 0.00097 
   24    1    1    1    1   24    1    1    1    1  5.84534E-14 0.00092 
   25    1    1    1    1   25    1    1    1    1  5.83555E-14 0.00097 
   26    1    1    1    1   26    1    1    1    1  5.97071E-14 0.00093 
   27    1    1    1    1   27    1    1    1    1  5.83775E-14 0.00100 
   28    1    1    1    1   28    1    1    1    1  5.84130E-14 0.00096 
   29    1    1    1    1   29    1    1    1    1  5.98076E-14 0.00096 
   30    1    1    1    1   30    1    1    1    1  5.81770E-14 0.00099 
   31    1    1    1    1   31    1    1    1    1  5.71051E-14 0.00102 
   32    1    1    1    1   32    1    1    1    1  5.63612E-14 0.00101 
   33    1    1    1    1   33    1    1    1    1  5.58974E-14 0.00103 
   34    1    1    1    1   34    1    1    1    1  5.67115E-14 0.00099 
   35    1    1    1    1   35    1    1    1    1  5.66932E-14 0.00104 
   36    1    1    1    1   36    1    1    1    1  5.63144E-14 0.00093 
   37    1    1    1    1   37    1    1    1    1  5.75572E-14 0.00102 
   38    1    1    1    1   38    1    1    1    1  5.99592E-14 0.00094 
   39    1    1    1    1   39    1    1    1    1  6.11121E-14 0.00089 
   40    1    1    1    1   40    1    1    1    1  0.00000E+00 0.00000 
   41    1    1    1    1   41    1    1    1    1  6.04443E-14 0.00094 
   42    1    1    1    1   42    1    1    1    1  6.02905E-14 0.00093 
   43    1    1    1    1   43    1    1    1    1  0.00000E+00 0.00000 
   44    1    1    1    1   44    1    1    1    1  6.04131E-14 0.00096 
   45    1    1    1    1   45    1    1    1    1  6.03556E-14 0.00098 
   46    1    1    1    1   46    1    1    1    1  0.00000E+00 0.00000 
   47    1    1    1    1   47    1    1    1    1  6.09690E-14 0.00094 
   48    1    1    1    1   48    1    1    1    1  5.99404E-14 0.00094 
   49    1    1    1    1   49    1    1    1    1  5.75554E-14 0.00103 
   50    1    1    1    1   50    1    1    1    1  5.62589E-14 0.00095 
   51    1    1    1    1   51    1    1    1    1  5.65746E-14 0.00099 
   52    1    1    1    1   52    1    1    1    1  5.70853E-14 0.00101 
   53    1    1    1    1   53    1    1    1    1  5.71567E-14 0.00097 
   54    1    1    1    1   54    1    1    1    1  5.99462E-14 0.00091 
   55    1    1    1    1   55    1    1    1    1  0.00000E+00 0.00000 
   56    1    1    1    1   56    1    1    1    1  6.17155E-14 0.00096 
   57    1    1    1    1   57    1    1    1    1  6.14226E-14 0.00094 
   58    1    1    1    1   58    1    1    1    1  5.92254E-14 0.00095 
   59    1    1    1    1   59    1    1    1    1  5.90284E-14 0.00100 
   60    1    1    1    1   60    1    1    1    1  6.04377E-14 0.00095 
   61    1    1    1    1   61    1    1    1    1  5.89355E-14 0.00091 
   62    1    1    1    1   62    1    1    1    1  5.91078E-14 0.00092 
   63    1    1    1    1   63    1    1    1    1  6.13242E-14 0.00092 
   64    1    1    1    1   64    1    1    1    1  6.17246E-14 0.00099 
   65    1    1    1    1   65    1    1    1    1  0.00000E+00 0.00000 
   66    1    1    1    1   66    1    1    1    1  5.98673E-14 0.00097 
   67    1    1    1    1   67    1    1    1    1  5.71618E-14 0.00095 
   68    1    1    1    1   68    1    1    1    1  5.71258E-14 0.00093 
   69    1    1    1    1   69    1    1    1    1  5.76488E-14 0.00105 
   70    1    1    1    1   70    1    1    1    1  5.81394E-14 0.00097 
   71    1    1    1    1   71    1    1    1    1  6.09839E-14 0.00094 
   72    1    1    1    1   72    1    1    1    1  6.17399E-14 0.00092 
   73    1    1    1    1   73    1    1    1    1  6.05381E-14 0.00091 
   74    1    1    1    1   74    1    1    1    1  6.11217E-14 0.00092 
   75    1    1    1    1   75    1    1    1    1  5.91693E-14 0.00095 
   76    1    1    1    1   76    1    1    1    1  5.88746E-14 0.00094 
   77    1    1    1    1   77    1    1    1    1  6.04344E-14 0.00093 
   78    1    1    1    1   78    1    1    1    1  5.89226E-14 0.00095 
   79    1    1    1    1   79    1    1    1    1  5.92104E-14 0.00095 
   80    1    1    1    1   80    1    1    1    1  6.12008E-14 0.00093 
   81    1    1    1    1   81    1    1    1    1  6.05427E-14 0.00093 
   82    1    1    1    1   82    1    1    1    1  6.17122E-14 0.00095 
   83    1    1    1    1   83    1    1    1    1  6.10248E-14 0.00094 
   84    1    1    1    1   84    1    1    1    1  5.81268E-14 0.00098 
   85    1    1    1    1   85    1    1    1    1  5.75169E-14 0.00096 
   86    1    1    1    1   86    1    1    1    1  5.81856E-14 0.00104 
   87    1    1    1    1   87    1    1    1    1  5.97770E-14 0.00094 
   88    1    1    1    1   88    1    1    1    1  0.00000E+00 0.00000 
   89    1    1    1    1   89    1    1    1    1  6.13379E-14 0.00096 
   90    1    1    1    1   90    1    1    1    1  6.12283E-14 0.00094 
   91    1    1    1    1   91    1    1    1    1  0.00000E+00 0.00000 
   92    1    1    1    1   92    1    1    1    1  6.04582E-14 0.00096 
   93    1    1    1    1   93    1    1    1    1  6.02600E-14 0.00096 
   94    1    1    1    1   94    1    1    1    1  0.00000E+00 0.00000 
   95    1    1    1    1   95    1    1    1    1  6.02693E-14 0.00097 
   96    1    1    1    1   96    1    1    1    1  6.06370E-14 0.00089 
   97    1    1    1    1   97    1    1    1    1  0.00000E+00 0.00000 
   98    1    1    1    1   98    1    1    1    1  6.10940E-14 0.00088 
   99    1    1    1    1   99    1    1    1    1  6.13123E-14 0.00098 
  100    1    1    1    1  100    1    1    1    1  0.00000E+00 0.00000 
  101    1    1    1    1  101    1    1    1    1  5.98108E-14 0.00095 
  102    1    1    1    1  102    1    1    1    1  5.80358E-14 0.00100 
  103    1    1    1    1  103    1    1    1    1  5.80584E-14 0.00098 
  104    1    1    1    1  104    1    1    1    1  5.83529E-14 0.00100 
  105    1    1    1    1  105    1    1    1    1  6.04693E-14 0.00092 
  106    1    1    1    1  106    1    1    1    1  5.92342E-14 0.00091 
  107    1    1    1    1  107    1    1    1    1  5.91566E-14 0.00096 
  108    1    1    1    1  108    1    1    1    1  6.05416E-14 0.00097 
  109    1    1    1    1  109    1    1    1    1  5.85899E-14 0.00096 
