
DETpinpower501 = [
    1    1    1    1     1     1     1    1    1    1  0.00000E+00 0.00000 
    2    1    1    1     1     2     1    1    1    1  0.00000E+00 0.00000 
    3    1    1    1     1     3     1    1    1    1  0.00000E+00 0.00000 
    4    1    1    1     1     4     1    1    1    1  0.00000E+00 0.00000 
    5    1    1    1     1     5     1    1    1    1  0.00000E+00 0.00000 
    6    1    1    1     1     6     1    1    1    1  0.00000E+00 0.00000 
    7    1    1    1     1     7     1    1    1    1  0.00000E+00 0.00000 
    8    1    1    1     1     8     1    1    1    1  0.00000E+00 0.00000 
    9    1    1    1     1     9     1    1    1    1  0.00000E+00 0.00000 
   10    1    1    1     1    10     1    1    1    1  0.00000E+00 0.00000 
   11    1    1    1     1    11     1    1    1    1  0.00000E+00 0.00000 
   12    1    1    1     1    12     1    1    1    1  0.00000E+00 0.00000 
   13    1    1    1     1    13     1    1    1    1  0.00000E+00 0.00000 
   14    1    1    1     1    14     1    1    1    1  0.00000E+00 0.00000 
   15    1    1    1     1    15     1    1    1    1  0.00000E+00 0.00000 
   16    1    1    1     1    16     1    1    1    1  0.00000E+00 0.00000 
   17    1    1    1     1    17     1    1    1    1  0.00000E+00 0.00000 
   18    1    1    1     1    18     1    1    1    1  0.00000E+00 0.00000 
   19    1    1    1     1    19     1    1    1    1  0.00000E+00 0.00000 
   20    1    1    1     1    20     1    1    1    1  0.00000E+00 0.00000 
   21    1    1    1     1    21     1    1    1    1  5.42360E-14 0.00108 
   22    1    1    1     1    22     1    1    1    1  5.44257E-14 0.00105 
   23    1    1    1     1    23     1    1    1    1  5.49441E-14 0.00100 
   24    1    1    1     1    24     1    1    1    1  5.55718E-14 0.00100 
   25    1    1    1     1    25     1    1    1    1  5.63644E-14 0.00105 
   26    1    1    1     1    26     1    1    1    1  5.69176E-14 0.00102 
   27    1    1    1     1    27     1    1    1    1  5.68000E-14 0.00104 
   28    1    1    1     1    28     1    1    1    1  5.67632E-14 0.00102 
   29    1    1    1     1    29     1    1    1    1  5.70989E-14 0.00100 
   30    1    1    1     1    30     1    1    1    1  5.68967E-14 0.00095 
   31    1    1    1     1    31     1    1    1    1  5.68791E-14 0.00099 
   32    1    1    1     1    32     1    1    1    1  5.68880E-14 0.00107 
   33    1    1    1     1    33     1    1    1    1  5.62305E-14 0.00101 
   34    1    1    1     1    34     1    1    1    1  5.56341E-14 0.00100 
   35    1    1    1     1    35     1    1    1    1  5.50472E-14 0.00105 
   36    1    1    1     1    36     1    1    1    1  5.44103E-14 0.00104 
   37    1    1    1     1    37     1    1    1    1  5.43113E-14 0.00108 
   38    1    1    1     1    38     1    1    1    1  0.00000E+00 0.00000 
   39    1    1    1     1    39     1    1    1    1  0.00000E+00 0.00000 
   40    1    1    1     1    40     1    1    1    1  5.45124E-14 0.00103 
   41    1    1    1     1    41     1    1    1    1  5.49479E-14 0.00101 
   42    1    1    1     1    42     1    1    1    1  5.57144E-14 0.00095 
   43    1    1    1     1    43     1    1    1    1  5.68490E-14 0.00100 
   44    1    1    1     1    44     1    1    1    1  5.80326E-14 0.00092 
   45    1    1    1     1    45     1    1    1    1  5.97029E-14 0.00096 
   46    1    1    1     1    46     1    1    1    1  5.84198E-14 0.00095 
   47    1    1    1     1    47     1    1    1    1  5.83104E-14 0.00100 
   48    1    1    1     1    48     1    1    1    1  5.97876E-14 0.00099 
   49    1    1    1     1    49     1    1    1    1  5.83011E-14 0.00097 
   50    1    1    1     1    50     1    1    1    1  5.84308E-14 0.00101 
   51    1    1    1     1    51     1    1    1    1  5.96280E-14 0.00100 
   52    1    1    1     1    52     1    1    1    1  5.80147E-14 0.00097 
   53    1    1    1     1    53     1    1    1    1  5.67905E-14 0.00096 
   54    1    1    1     1    54     1    1    1    1  5.57087E-14 0.00103 
   55    1    1    1     1    55     1    1    1    1  5.47844E-14 0.00101 
   56    1    1    1     1    56     1    1    1    1  5.44464E-14 0.00102 
   57    1    1    1     1    57     1    1    1    1  0.00000E+00 0.00000 
   58    1    1    1     1    58     1    1    1    1  0.00000E+00 0.00000 
   59    1    1    1     1    59     1    1    1    1  5.50500E-14 0.00105 
   60    1    1    1     1    60     1    1    1    1  5.57311E-14 0.00100 
   61    1    1    1     1    61     1    1    1    1  5.74733E-14 0.00098 
   62    1    1    1     1    62     1    1    1    1  6.02525E-14 0.00100 
   63    1    1    1     1    63     1    1    1    1  6.13507E-14 0.00089 
   64    1    1    1     1    64     1    1    1    1  0.00000E+00 0.00000 
   65    1    1    1     1    65     1    1    1    1  6.09145E-14 0.00091 
   66    1    1    1     1    66     1    1    1    1  6.09037E-14 0.00091 
   67    1    1    1     1    67     1    1    1    1  0.00000E+00 0.00000 
   68    1    1    1     1    68     1    1    1    1  6.08737E-14 0.00097 
   69    1    1    1     1    69     1    1    1    1  6.08918E-14 0.00093 
   70    1    1    1     1    70     1    1    1    1  0.00000E+00 0.00000 
   71    1    1    1     1    71     1    1    1    1  6.13253E-14 0.00099 
   72    1    1    1     1    72     1    1    1    1  6.01366E-14 0.00091 
   73    1    1    1     1    73     1    1    1    1  5.75098E-14 0.00102 
   74    1    1    1     1    74     1    1    1    1  5.57534E-14 0.00098 
   75    1    1    1     1    75     1    1    1    1  5.50544E-14 0.00102 
   76    1    1    1     1    76     1    1    1    1  0.00000E+00 0.00000 
   77    1    1    1     1    77     1    1    1    1  0.00000E+00 0.00000 
   78    1    1    1     1    78     1    1    1    1  5.57696E-14 0.00098 
   79    1    1    1     1    79     1    1    1    1  5.67949E-14 0.00106 
   80    1    1    1     1    80     1    1    1    1  6.02369E-14 0.00096 
   81    1    1    1     1    81     1    1    1    1  0.00000E+00 0.00000 
   82    1    1    1     1    82     1    1    1    1  6.23710E-14 0.00095 
   83    1    1    1     1    83     1    1    1    1  6.21478E-14 0.00095 
   84    1    1    1     1    84     1    1    1    1  5.99297E-14 0.00099 
   85    1    1    1     1    85     1    1    1    1  5.97749E-14 0.00101 
   86    1    1    1     1    86     1    1    1    1  6.12542E-14 0.00092 
   87    1    1    1     1    87     1    1    1    1  5.97576E-14 0.00100 
   88    1    1    1     1    88     1    1    1    1  5.98838E-14 0.00097 
   89    1    1    1     1    89     1    1    1    1  6.19803E-14 0.00092 
   90    1    1    1     1    90     1    1    1    1  6.24817E-14 0.00095 
   91    1    1    1     1    91     1    1    1    1  0.00000E+00 0.00000 
   92    1    1    1     1    92     1    1    1    1  6.01458E-14 0.00093 
   93    1    1    1     1    93     1    1    1    1  5.69101E-14 0.00098 
   94    1    1    1     1    94     1    1    1    1  5.55542E-14 0.00101 
   95    1    1    1     1    95     1    1    1    1  0.00000E+00 0.00000 
   96    1    1    1     1    96     1    1    1    1  0.00000E+00 0.00000 
   97    1    1    1     1    97     1    1    1    1  5.62539E-14 0.00099 
   98    1    1    1     1    98     1    1    1    1  5.80119E-14 0.00098 
   99    1    1    1     1    99     1    1    1    1  6.12653E-14 0.00094 
  100    1    1    1     1   100     1    1    1    1  6.24428E-14 0.00095 
  101    1    1    1     1   101     1    1    1    1  6.12897E-14 0.00101 
  102    1    1    1     1   102     1    1    1    1  6.20671E-14 0.00097 
  103    1    1    1     1   103     1    1    1    1  6.01816E-14 0.00094 
  104    1    1    1     1   104     1    1    1    1  5.98676E-14 0.00094 
  105    1    1    1     1   105     1    1    1    1  6.13886E-14 0.00092 
