
DETpinpower501 = [
    1    1    1    1     1     1     1    1    1    1  0.00000E+00 0.00000 
    2    1    1    1     1     2     1    1    1    1  0.00000E+00 0.00000 
    3    1    1    1     1     3     1    1    1    1  0.00000E+00 0.00000 
    4    1    1    1     1     4     1    1    1    1  0.00000E+00 0.00000 
    5    1    1    1     1     5     1    1    1    1  0.00000E+00 0.00000 
    6    1    1    1     1     6     1    1    1    1  0.00000E+00 0.00000 
    7    1    1    1     1     7     1    1    1    1  0.00000E+00 0.00000 
    8    1    1    1     1     8     1    1    1    1  0.00000E+00 0.00000 
    9    1    1    1     1     9     1    1    1    1  0.00000E+00 0.00000 
   10    1    1    1     1    10     1    1    1    1  0.00000E+00 0.00000 
   11    1    1    1     1    11     1    1    1    1  0.00000E+00 0.00000 
   12    1    1    1     1    12     1    1    1    1  0.00000E+00 0.00000 
   13    1    1    1     1    13     1    1    1    1  0.00000E+00 0.00000 
   14    1    1    1     1    14     1    1    1    1  0.00000E+00 0.00000 
   15    1    1    1     1    15     1    1    1    1  0.00000E+00 0.00000 
   16    1    1    1     1    16     1    1    1    1  0.00000E+00 0.00000 
   17    1    1    1     1    17     1    1    1    1  0.00000E+00 0.00000 
   18    1    1    1     1    18     1    1    1    1  0.00000E+00 0.00000 
   19    1    1    1     1    19     1    1    1    1  0.00000E+00 0.00000 
   20    1    1    1     1    20     1    1    1    1  0.00000E+00 0.00000 
   21    1    1    1     1    21     1    1    1    1  5.42346E-14 0.00111 
   22    1    1    1     1    22     1    1    1    1  5.44253E-14 0.00103 
   23    1    1    1     1    23     1    1    1    1  5.48767E-14 0.00103 
   24    1    1    1     1    24     1    1    1    1  5.55769E-14 0.00101 
   25    1    1    1     1    25     1    1    1    1  5.63586E-14 0.00105 
   26    1    1    1     1    26     1    1    1    1  5.69400E-14 0.00100 
   27    1    1    1     1    27     1    1    1    1  5.68314E-14 0.00106 
   28    1    1    1     1    28     1    1    1    1  5.67527E-14 0.00101 
   29    1    1    1     1    29     1    1    1    1  5.70824E-14 0.00101 
   30    1    1    1     1    30     1    1    1    1  5.68729E-14 0.00095 
   31    1    1    1     1    31     1    1    1    1  5.69181E-14 0.00100 
   32    1    1    1     1    32     1    1    1    1  5.69058E-14 0.00107 
   33    1    1    1     1    33     1    1    1    1  5.62845E-14 0.00101 
   34    1    1    1     1    34     1    1    1    1  5.56681E-14 0.00098 
   35    1    1    1     1    35     1    1    1    1  5.50313E-14 0.00105 
   36    1    1    1     1    36     1    1    1    1  5.44184E-14 0.00108 
   37    1    1    1     1    37     1    1    1    1  5.42718E-14 0.00105 
   38    1    1    1     1    38     1    1    1    1  0.00000E+00 0.00000 
   39    1    1    1     1    39     1    1    1    1  0.00000E+00 0.00000 
   40    1    1    1     1    40     1    1    1    1  5.45174E-14 0.00104 
   41    1    1    1     1    41     1    1    1    1  5.49020E-14 0.00098 
   42    1    1    1     1    42     1    1    1    1  5.57529E-14 0.00099 
   43    1    1    1     1    43     1    1    1    1  5.68296E-14 0.00100 
   44    1    1    1     1    44     1    1    1    1  5.79481E-14 0.00093 
   45    1    1    1     1    45     1    1    1    1  5.96833E-14 0.00097 
   46    1    1    1     1    46     1    1    1    1  5.84266E-14 0.00095 
   47    1    1    1     1    47     1    1    1    1  5.83534E-14 0.00099 
   48    1    1    1     1    48     1    1    1    1  5.97811E-14 0.00100 
   49    1    1    1     1    49     1    1    1    1  5.83344E-14 0.00098 
   50    1    1    1     1    50     1    1    1    1  5.83669E-14 0.00099 
   51    1    1    1     1    51     1    1    1    1  5.96289E-14 0.00101 
   52    1    1    1     1    52     1    1    1    1  5.80043E-14 0.00096 
   53    1    1    1     1    53     1    1    1    1  5.68051E-14 0.00098 
   54    1    1    1     1    54     1    1    1    1  5.57028E-14 0.00099 
   55    1    1    1     1    55     1    1    1    1  5.47462E-14 0.00104 
   56    1    1    1     1    56     1    1    1    1  5.44817E-14 0.00105 
   57    1    1    1     1    57     1    1    1    1  0.00000E+00 0.00000 
   58    1    1    1     1    58     1    1    1    1  0.00000E+00 0.00000 
   59    1    1    1     1    59     1    1    1    1  5.50825E-14 0.00104 
   60    1    1    1     1    60     1    1    1    1  5.57311E-14 0.00100 
   61    1    1    1     1    61     1    1    1    1  5.74596E-14 0.00098 
   62    1    1    1     1    62     1    1    1    1  6.02316E-14 0.00101 
   63    1    1    1     1    63     1    1    1    1  6.13648E-14 0.00087 
   64    1    1    1     1    64     1    1    1    1  0.00000E+00 0.00000 
   65    1    1    1     1    65     1    1    1    1  6.09407E-14 0.00091 
   66    1    1    1     1    66     1    1    1    1  6.08941E-14 0.00091 
   67    1    1    1     1    67     1    1    1    1  0.00000E+00 0.00000 
   68    1    1    1     1    68     1    1    1    1  6.08074E-14 0.00100 
   69    1    1    1     1    69     1    1    1    1  6.09185E-14 0.00092 
   70    1    1    1     1    70     1    1    1    1  0.00000E+00 0.00000 
   71    1    1    1     1    71     1    1    1    1  6.13630E-14 0.00097 
   72    1    1    1     1    72     1    1    1    1  6.00911E-14 0.00092 
   73    1    1    1     1    73     1    1    1    1  5.75286E-14 0.00101 
   74    1    1    1     1    74     1    1    1    1  5.57387E-14 0.00097 
   75    1    1    1     1    75     1    1    1    1  5.50689E-14 0.00099 
   76    1    1    1     1    76     1    1    1    1  0.00000E+00 0.00000 
   77    1    1    1     1    77     1    1    1    1  0.00000E+00 0.00000 
   78    1    1    1     1    78     1    1    1    1  5.57737E-14 0.00099 
   79    1    1    1     1    79     1    1    1    1  5.67606E-14 0.00106 
   80    1    1    1     1    80     1    1    1    1  6.01773E-14 0.00096 
   81    1    1    1     1    81     1    1    1    1  0.00000E+00 0.00000 
   82    1    1    1     1    82     1    1    1    1  6.24472E-14 0.00097 
   83    1    1    1     1    83     1    1    1    1  6.21495E-14 0.00095 
   84    1    1    1     1    84     1    1    1    1  5.99375E-14 0.00094 
   85    1    1    1     1    85     1    1    1    1  5.98382E-14 0.00101 
   86    1    1    1     1    86     1    1    1    1  6.12438E-14 0.00092 
   87    1    1    1     1    87     1    1    1    1  5.97830E-14 0.00099 
   88    1    1    1     1    88     1    1    1    1  5.98605E-14 0.00094 
   89    1    1    1     1    89     1    1    1    1  6.20038E-14 0.00091 
   90    1    1    1     1    90     1    1    1    1  6.24516E-14 0.00095 
   91    1    1    1     1    91     1    1    1    1  0.00000E+00 0.00000 
   92    1    1    1     1    92     1    1    1    1  6.01053E-14 0.00093 
   93    1    1    1     1    93     1    1    1    1  5.68817E-14 0.00097 
   94    1    1    1     1    94     1    1    1    1  5.55931E-14 0.00099 
   95    1    1    1     1    95     1    1    1    1  0.00000E+00 0.00000 
   96    1    1    1     1    96     1    1    1    1  0.00000E+00 0.00000 
   97    1    1    1     1    97     1    1    1    1  5.62593E-14 0.00101 
   98    1    1    1     1    98     1    1    1    1  5.79880E-14 0.00098 
   99    1    1    1     1    99     1    1    1    1  6.12825E-14 0.00095 
  100    1    1    1     1   100     1    1    1    1  6.24780E-14 0.00093 
  101    1    1    1     1   101     1    1    1    1  6.12852E-14 0.00099 
  102    1    1    1     1   102     1    1    1    1  6.20166E-14 0.00099 
  103    1    1    1     1   103     1    1    1    1  6.02013E-14 0.00097 
  104    1    1    1     1   104     1    1    1    1  5.98829E-14 0.00090 
  105    1    1    1     1   105     1    1    1    1  6.13965E-14 0.00095 
